FT	ID	AT	WT	ST
2	18	1	0	1
2	48	1	0	1
2	38	1	0	1
2	92	1	0	1
3	33	1	0	2
3	50	1	0	2
3	66	1	0	2
3	68	1	0	2
3	57	1	0	2
3	73	1	0	2
3	72	1	0	2
4	6	1	0	3
4	13	1	0	3
4	35	1	0	3
4	55	1	0	3
4	86	1	0	3
4	26	1	2	1
4	37	1	2	1
4	83	1	2	1
5	46	1	0	4
5	95	1	3	1
6	28	1	3	2
6	61	1	3	2
6	59	1	4	1
7	39	1	2	4
7	36	1	4	2
7	40	1	4	2
7	96	1	4	2
7	100	1	5	1
8	63	1	4	3
8	94	1	4	3
8	20	1	5	2
9	64	1	0	8
9	91	1	0	8
9	14	1	3	5
9	24	1	6	2
9	67	1	6	2
9	89	1	6	2
9	2	1	7	1
10	31	1	0	9
10	56	1	6	3
10	74	1	7	2
11	60	1	5	5
11	22	1	9	1
11	29	1	9	1
11	69	1	9	1
11	97	1	9	1
12	70	1	9	2
12	79	1	10	1
13	81	1	8	4
13	10	1	9	3
13	98	1	11	1
14	34	1	10	3
14	85	1	10	3
14	7	1	11	2
14	11	1	11	2
14	62	1	11	2
15	65	1	12	2
15	5	1	13	1
16	15	1	14	1
17	51	1	12	4
17	19	1	15	1
18	25	1	15	2
18	75	1	15	2
18	27	1	16	1
19	52	1	14	4
20	8	1	15	4
20	30	1	17	2
21	76	1	18	2
22	41	1	16	5
24	53	1	22	1
24	77	1	22	1
26	1	1	23	2
29	78	1	23	5
29	54	1	25	3
30	42	1	26	3
32	3	1	26	5
35	58	1	31	3
37	4	1	35	1
38	43	1	32	5
38	80	1	33	4
43	9	1	37	5
43	71	1	37	5
44	44	1	42	1
46	82	1	40	5
47	45	1	44	2
50	12	1	47	2
52	47	1	47	4
54	84	1	49	4
56	49	1	54	1
58	16	1	52	5
59	87	1	57	1
64	17	1	62	1
65	88	1	59	5
67	21	1	64	2
71	90	1	69	1
73	23	1	68	4
75	93	1	71	3
80	32	1	75	4
81	99	1	77	3



Region A:
	Orders: 33 [Normal: 0, Frozen: 10, VIP: 23]
	Motorcycles: 5 [Normal: 1, Frozen: 1, VIP: 3]
	Average Wait = 20.2727, Average Service = 2.51515


Region B:
	Orders: 17 [Normal: 0, Frozen: 8, VIP: 9]
	Motorcycles: 5 [Normal: 1, Frozen: 1, VIP: 3]
	Average Wait = 16.6471, Average Service = 2.58824


Region C:
	Orders: 21 [Normal: 0, Frozen: 5, VIP: 16]
	Motorcycles: 5 [Normal: 1, Frozen: 1, VIP: 3]
	Average Wait = 10, Average Service = 2.85714


Region D:
	Orders: 29 [Normal: 0, Frozen: 12, VIP: 17]
	Motorcycles: 5 [Normal: 1, Frozen: 1, VIP: 3]
	Average Wait = 21.1034, Average Service = 2.55172